a = [1 1 1 0 0 0;
    1 0 -1 0 0 0;
    1 0 1 2 2 2;
    1 0 -1 6 0 -6;
    1 0 1 12 0 12;
    1 0 -1 20 0 -20;
    1 0 1 30 0 30]
b = [2; 0; 2/3; 0; 2/5; 0; 2/7]
a\b